0.002412
0.096433
0.076056
0.030257
0.101058
0.000665
0.004987
0.002751
0.025462
0.011743
0.002391
0.007494
0.059937
0.012208
0.042434
0.151121
0.052658
0.113955
0.235395
0.180294
0.101343
0.016656
0.137716
0.012207
0.014916
0.088397
0.197787
0.024141
0.012314
0.003174
0.179845
0.198806
0.128192
0.326401
0.286840
0.170369
0.247942
0.046411
0.092801
0.248167
0.181825
0.065424
0.038181
0.139222
0.076370
0.015904
0.004729
0.001309
0.118412
0.187287
0.006683
0.032813
0.028984
0.048639
0.247755
0.128278
0.184603
0.263018
0.058364
0.003393
0.006263
0.016202
0.094076
0.010230
0.015774
0.038262
0.079526
0.014045
0.059949
