0.152809
0.195965
0.179894
0.229730
0.135458
0.159251
0.157773
0.188889
0.178478
0.139059
0.178478
0.190476
0.161137
0.215873
0.253731
0.214511
0.212500
0.259542
0.258555
0.228956
0.186813
0.220065
0.183784
0.250923
0.232877
0.241135
0.231293
0.194286
0.153846
0.229730
0.285714
0.251852
0.280992
0.290598
0.284519
0.247273
0.213836
0.246377
0.256604
0.261538
0.214511
0.158140
0.186301
0.286920
0.194842
0.198251
0.219355
0.215190
0.241135
0.261538
0.192090
0.164251
0.183784
0.136821
0.250000
0.256604
0.289362
0.216561
0.156322
0.164649
0.250923
0.207317
0.187328
0.216561
0.192090
0.242857
0.182796
0.215190
0.181333
