0.000000
0.000000
0.333333
0.300000
0.000000
0.000000
0.000000
0.000000
0.000000
0.000000
0.000000
0.333333
0.000000
0.333333
0.333333
0.333333
0.500000
0.500000
0.500000
0.300000
0.166667
0.000000
0.000000
0.300000
0.000000
0.666667
0.300000
0.000000
0.000000
0.333333
0.300000
0.400000
0.380952
0.333333
0.266667
0.285714
0.300000
0.400000
0.333333
0.400000
0.166667
0.000000
0.333333
0.333333
0.000000
0.333333
0.000000
0.200000
0.300000
0.500000
0.000000
0.000000
0.000000
0.000000
0.400000
0.266667
0.333333
0.166667
0.000000
0.000000
0.300000
0.666667
0.000000
0.166667
0.000000
0.500000
0.000000
0.166667
0.000000
