0.000000
0.044380
0.029412
0.053940
0.000000
0.000000
0.000000
0.030890
0.000000
0.000000
0.000000
0.057946
0.029412
0.029551
0.148227
0.065863
0.020025
0.057922
0.026074
0.058954
0.041545
0.068700
0.004753
0.088727
0.039790
0.009367
0.082067
0.023131
0.000000
0.101722
0.140893
0.058413
0.157463
0.180840
0.199060
0.125548
0.101345
0.087459
0.053357
0.098773
0.059836
0.029412
0.057946
0.218468
0.022596
0.026936
0.056136
0.088674
0.076627
0.048135
0.024580
0.000000
0.058619
0.000000
0.087036
0.131783
0.186905
0.058144
0.029412
0.003916
0.100712
0.005110
0.020657
0.060236
0.032917
0.051018
0.009844
0.089735
0.044676
