0.174684
0.237113
0.214953
0.225490
0.249097
0.191667
0.200581
0.184492
0.224026
0.207207
0.176923
0.199422
0.227723
0.214286
0.230769
0.242105
0.264368
0.231544
0.252747
0.274900
0.278226
0.258427
0.204748
0.281633
0.201754
0.225490
0.264368
0.257463
0.241259
0.189041
0.192737
0.237113
0.305310
0.278226
0.288703
0.286307
0.293617
0.253676
0.227723
0.255556
0.276000
0.286307
0.196581
0.229236
0.237931
0.170792
0.220447
0.301310
0.201754
0.239583
0.221154
0.251825
0.265385
0.170370
0.226974
0.185984
0.146186
0.268482
0.259398
0.298701
0.252747
0.203540
0.254613
0.256506
0.227723
0.223301
0.226230
0.203540
0.233898
0.216301
