0.666667
0.666667
0.500000
0.400000
0.500000
0.666667
0.666667
1.000000
0.400000
0.500000
0.000000
0.500000
0.400000
0.333333
0.500000
0.400000
0.400000
0.400000
0.333333
0.400000
0.500000
0.400000
0.500000
0.400000
0.500000
0.333333
0.333333
0.500000
0.400000
0.500000
0.666667
0.500000
0.400000
0.400000
0.333333
0.500000
0.333333
0.500000
0.333333
0.400000
0.400000
0.400000
0.500000
0.500000
0.333333
0.333333
0.400000
0.333333
0.666667
0.400000
0.500000
0.400000
0.500000
1.000000
0.400000
0.333333
0.000000
0.400000
0.400000
0.333333
0.333333
0.500000
0.400000
0.500000
0.400000
0.266667
0.500000
0.300000
0.400000
0.500000
