0.128761
0.129778
0.122949
0.080808
0.125244
0.033920
0.034187
0.016753
0.072244
0.062849
0.007191
0.036926
0.080417
0.040666
0.041736
0.173525
0.117235
0.108166
0.163520
0.175124
0.138688
0.055852
0.190434
0.048797
0.104718
0.159010
0.023391
0.068694
0.028475
0.041694
0.105677
0.214278
0.176465
0.208469
0.186466
0.204970
0.124765
0.085004
0.135647
0.174315
0.187242
0.081509
0.100837
0.148318
0.093813
0.075427
0.015702
0.091570
0.001638
0.060802
0.123965
0.009265
0.009018
0.035067
0.120486
0.230651
0.177269
0.151683
0.225943
0.160546
0.073122
0.051270
0.079795
0.096632
0.071345
0.093022
0.079631
0.128664
0.103657
0.143654
