0.001517
0.006279
0.017149
0.047078
0.018523
0.002134
0.006317
0.000000
0.056862
0.016151
0.000000
0.021449
0.053631
0.035193
0.010621
0.096373
0.070248
0.047971
0.113335
0.068068
0.024552
0.067036
0.017532
0.101336
0.016544
0.054611
0.138016
0.021749
0.046523
0.007084
0.005096
0.013827
0.131623
0.076598
0.113767
0.031156
0.181878
0.022790
0.065575
0.066189
0.068231
0.089925
0.011560
0.036266
0.074284
0.028986
0.049001
0.165953
0.006848
0.035249
0.052204
0.065433
0.028430
0.000000
0.054407
0.011386
0.000000
0.070451
0.042259
0.159086
0.087938
0.009962
0.092680
0.027307
0.043999
0.079636
0.022379
0.087515
0.063608
0.016208
