0.000001
0.000001
0.009641
0.000001
0.000001
0.000001
0.000001
0.000014
0.035009
0.000010
0.000081
0.000082
0.010954
0.005428
0.009033
0.049490
0.000016
0.000016
0.075574
0.008333
0.001945
0.001945
0.000649
0.010954
0.009104
0.008716
0.010314
0.000410
0.008483
0.002135
0.000088
0.031741
0.032361
0.002592
0.003239
0.001297
0.001945
0.000649
0.000594
0.001905
0.001946
0.131949
0.000000
0.001439
0.000649
0.002592
0.048886
0.035619
0.136055
0.135648
0.018585
0.134842
0.136876
0.136465
0.007742
0.000007
0.001945
0.000000
0.008027
0.003239
0.000649
0.003239
0.001945
0.001297
0.000649
0.000000
0.000041
0.000372
0.000362
0.007749
0.000116
0.008391
0.045716
0.008391
0.022999
0.039943
0.006463
0.001945
0.044367
0.001297
0.005855
0.005217
0.006463
0.075178
0.000000
0.045857
0.045858
0.000048
0.000054
0.000548
0.124066
0.024254
0.111638
0.006463
0.001297
0.005820
0.023627
0.003239
0.043205
0.003239
0.002592
0.005175
0.001945
0.019849
0.020480
0.018847
0.002592
0.000000
0.007107
0.007749
0.038019
0.007088
0.002592
0.000029
0.053009
0.001945
0.000451
0.160408
0.018585
0.003239
0.000000
0.005820
0.001347
0.009696
0.006463
0.000000
0.031741
0.005175
0.000649
0.005820
0.003885
0.003239
0.001297
0.001945
0.002592
0.002361
0.001297
0.000176
0.005445
0.000341
0.000649
0.000000
0.083316
0.000000
0.138061
0.000000
0.000000
0.003239
0.000000
0.052570
0.003239
0.004530
0.000002
0.007107
0.002592
0.005820
0.029877
0.030499
0.029255
0.009033
0.000006
0.000017
0.028632
0.008391
0.004802
0.010851
0.010555
0.004530
0.000000
0.000001
0.001945
0.002592
0.003885
0.000000
0.005820
0.006463
0.000649
0.000094
0.000030
0.019217
0.134050
0.001945
0.000649
0.000069
0.000649
0.000073
0.001297
0.000076
0.013507
0.000360
0.135244
0.005680
0.005055
0.007107
0.000649
0.009483
0.000059
0.002592
0.002592
0.035453
0.181890
0.000550
0.000000
0.000580
0.000000
0.000675
0.006611
0.000992
0.010314
0.000086
0.003239
0.005175
0.020480
0.014780
0.006724
0.017319
0.014143
0.006807
0.006753
0.004669
0.004653
0.004525
0.001297
0.000649
0.017126
0.023903
0.000000
0.002592
0.001297
0.000649
0.003239
0.004530
0.003885
0.003239
0.002592
0.023627
0.007107
0.000776
0.024881
0.000624
0.001297
0.002884
0.003519
0.000694
0.000000
0.001945
0.004159
0.024254
0.002592
0.138347
0.018297
0.015924
0.000013
0.001945
0.000000
0.008348
0.000778
0.026759
0.000649
0.001297
0.109883
0.002491
0.001297
0.008541
0.000000
0.024979
0.000000
0.000198
0.023567
0.123368
0.005190
0.039757
0.045398
0.001297
0.031120
0.008617
0.002592
0.017319
0.039657
0.052213
0.004530
0.002592
0.017952
0.044034
0.044642
0.003239
0.052462
0.039887
0.053855
0.180185
0.016934
0.002592
0.050161
0.004530
0.003885
0.003239
0.013704
0.001307
0.007107
0.007749
0.000692
0.008391
0.000649
0.003239
0.002592
0.062314
0.000059
0.000649
0.001297
0.000000
0.000649
0.003885
0.001297
0.011593
0.010954
0.009674
0.005175
0.005820
0.006463
0.024412
0.001945
0.007201
0.001119
0.004463
0.005004
0.006097
0.000912
0.006648
0.001492
0.033555
0.000000
0.032546
0.033050
0.003885
0.013802
0.013644
0.001297
0.012831
0.005175
0.029045
0.029035
0.137438
0.029181
0.002696
0.003885
0.003239
0.002592
0.000000
0.000089
0.001945
0.000649
0.055437
0.007107
0.007213
0.005175
0.004530
0.000000
0.010954
0.000030
0.003885
0.000649
0.000658
0.000649
0.002592
0.003239
0.018585
0.003885
0.000155
0.113797
0.113315
0.086895
0.020442
0.112833
0.021068
0.008391
0.007749
0.088886
0.025508
0.026134
0.005820
0.000198
0.046465
0.017253
0.035560
0.047071
0.005491
0.086935
0.115242
0.000088
0.007107
0.001297
0.000000
0.000649
0.010954
0.011593
0.000000
0.012231
0.020555
0.000000
0.013507
0.012171
0.002945
0.014824
0.005361
0.003580
0.000629
0.049197
0.049679
0.000000
0.035977
0.013468
0.000000
0.010954
0.005175
0.000024
0.016051
0.007749
0.000000
0.014055
0.016685
0.001019
0.015415
0.007216
0.005175
0.005820
0.000000
0.117193
0.010954
0.009033
0.009674
0.007749
0.008391
0.006463
0.007107
0.005175
0.002593
0.003885
0.010588
0.009949
0.003178
0.038251
0.009311
0.006411
0.008672
0.002879
0.000065
0.005820
0.001297
0.005175
0.000000
0.001945
0.013278
0.008391
0.005887
0.000000
0.003239
0.019645
0.012869
0.012231
0.011593
0.000037
0.000034
0.010977
0.004530
0.003885
0.004803
0.007749
0.126424
0.018380
0.000002
0.021111
0.000001
0.023019
0.000649
0.001297
0.001945
0.007107
0.003239
0.002592
0.000002
0.000000
0.005175
0.004530
0.003885
0.003239
0.001945
0.008179
0.005892
0.000319
0.000962
0.023009
0.024583
0.000335
0.008922
0.006463
0.103370
0.118946
0.137456
0.001889
0.001945
0.004530
0.002329
0.000649
0.003885
0.001297
0.000000
0.001320
0.074784
0.007107
0.008391
0.009033
0.005150
0.001297
0.009694
0.001945
0.046465
0.000847
0.040982
0.001945
0.017759
0.002592
0.000649
0.000000
0.000010
0.000649
0.001620
0.000000
0.009678
0.003885
0.000649
0.040365
0.035791
0.036452
0.010314
0.000649
0.000000
0.009033
0.000000
0.000249
0.001945
0.000000
0.000389
0.040370
0.000649
0.001989
0.000030
0.001945
0.001297
0.003239
0.002592
0.010954
0.000649
0.000000
0.003885
0.010314
0.002909
0.003553
0.009033
0.009674
0.003239
0.000000
0.014143
0.000446
0.001420
0.002668
0.012462
0.003886
0.003277
0.001452
0.000018
0.000000
0.020833
0.001945
0.000649
0.001297
0.011535
0.015862
0.000000
0.000224
0.084117
0.000649
0.111869
0.042549
0.043757
0.043152
0.082947
0.083969
0.000171
0.110124
0.006568
0.013721
0.087875
0.014050
0.001945
0.014572
0.006004
0.016545
0.000014
0.006463
0.007107
0.016935
0.021741
0.009033
0.008391
0.009674
0.001297
0.003239
0.000679
0.002757
0.001232
0.000622
0.000000
0.102120
0.002933
0.005517
0.004454
0.006471
0.005820
0.005175
0.004203
0.010363
0.001945
0.003885
0.003239
0.000006
0.003239
0.002592
0.000000
0.019217
0.000000
0.001945
0.000000
0.000649
0.005452
0.005810
0.000951
0.004991
0.005208
0.013507
0.012869
0.000144
0.000018
0.012231
0.007107
0.005175
0.006463
0.000000
0.000040
0.044362
0.001945
0.000000
0.065419
0.015942
0.000322
0.007081
0.006681
0.006463
0.123842
0.000600
0.001297
0.008391
0.000000
0.088520
0.000649
0.000000
0.088380
0.000649
0.005820
0.008355
0.019233
0.038562
0.007716
0.008391
0.037480
0.166263
0.005820
0.021111
0.006424
0.019849
0.005802
0.043938
0.002165
0.006439
0.001490
0.009033
0.040436
0.007107
0.003144
0.006463
0.000520
0.040059
0.112560
0.071081
0.000000
0.004530
0.002764
0.112351
0.001428
0.000000
0.002548
0.077878
0.003155
0.001945
0.004530
0.009864
0.001297
0.006463
0.009674
0.001945
0.004530
0.125269
0.007107
0.000016
0.000626
0.000649
0.000649
0.007749
0.001297
0.002508
0.008391
0.000649
0.016235
0.000000
0.035725
0.046739
0.052321
0.047141
0.001725
0.000000
0.003409
0.000082
0.000649
0.012832
0.001297
0.000649
0.000000
0.000649
0.012196
0.000144
0.048233
0.046804
0.046330
0.007107
0.006463
0.027384
0.004842
0.017185
0.005820
0.011593
0.007749
0.028008
0.000324
0.003885
0.000000
0.000649
0.001297
0.017545
0.000648
0.000000
0.001297
0.000649
0.005820
0.000649
0.021111
0.037301
0.006437
0.020480
0.005166
0.003914
0.003293
0.002680
0.001297
0.000332
0.000848
0.001031
0.000224
0.016324
0.005093
0.036592
0.005011
0.003497
0.037207
0.000116
0.018792
0.008391
0.017799
0.007749
0.019295
0.018290
0.013380
0.005450
0.016284
0.000011
0.013634
0.004666
0.003885
0.000000
0.000649
0.005175
0.087385
0.004530
0.002583
0.000000
0.010290
0.010925
0.053054
0.000171
0.000000
0.005820
0.009674
0.010314
0.007107
0.000000
0.008391
0.000021
0.000649
0.000177
0.000374
0.003302
0.000000
0.000000
0.000000
0.002592
0.005820
0.017344
0.005175
0.003569
0.009033
0.001945
0.024844
0.024283
0.001157
0.012155
0.017876
0.000826
0.000431
0.012776
0.000322
0.000042
0.056650
0.007107
0.005175
0.000000
0.006463
0.005175
0.008391
0.005820
0.007749
0.001297
0.009674
0.004530
0.009033
0.010314
0.000000
0.000000
0.000059
0.008391
0.009033
0.007749
0.055196
0.000649
0.004530
0.001945
0.003885
0.000000
0.009033
0.003239
0.001945
0.009674
0.004530
0.003239
0.007749
0.001097
0.002592
0.014829
0.000976
0.015415
0.001945
0.016051
0.003885
0.000649
0.022370
0.001945
0.000018
0.013611
0.007749
0.008391
0.056109
0.010314
0.000144
0.021656
0.021758
0.013545
0.005820
0.124789
0.150630
0.007749
0.005175
0.001621
0.000004
0.020112
0.002592
0.006469
0.008391
0.007749
0.000000
0.015454
0.024982
0.036958
0.004530
0.005175
0.007760
0.002592
0.000000
0.028129
0.015114
0.134443
0.016051
0.001297
0.001945
0.001945
0.000000
0.000000
0.000026
0.000025
0.004197
0.000026
0.004842
0.047278
0.000000
0.004311
0.001297
0.002592
0.002592
0.000000
0.077486
0.002592
0.048715
0.001369
0.000639
0.000198
0.001031
0.025982
0.000450
0.000649
0.001297
0.005175
0.008391
0.001297
0.001945
0.000000
0.005446
0.001945
0.010840
0.111861
0.003179
0.003816
0.010840
0.005732
0.004506
0.003239
0.000000
0.000059
0.000134
0.007107
0.000010
0.000018
0.019839
0.000027
0.032566
0.001297
0.015632
0.014473
0.029205
0.000140
0.000059
0.011561
0.005757
0.007682
0.034283
0.017319
0.000081
0.162012
0.020576
0.012869
0.007622
0.003931
0.007960
0.180627
0.016720
0.089380
0.043798
0.000116
0.000649
0.019938
0.020480
0.000065
0.000057
0.000049
0.000040
0.000031
0.000010
0.000000
0.001297
0.000649
0.037719
0.008047
0.001945
0.038806
0.004228
0.000002
0.003669
0.000003
0.001594
0.071726
0.000316
0.015253
0.062182
0.000366
0.000339
0.007264
0.061964
0.000000
0.007647
0.102548
0.007749
0.016051
0.006463
0.007107
0.032361
0.000004
0.005820
0.011593
0.012231
0.000649
0.007107
0.000000
0.009674
0.005820
0.006463
0.028213
0.000000
0.001273
0.040371
0.038585
0.000871
0.006560
0.004719
0.000186
0.004139
0.005443
0.007749
0.006483
0.012231
0.015753
0.014132
0.003885
0.008391
0.002592
0.006494
0.014816
0.003239
0.007133
0.000030
0.000011
0.003594
0.008391
0.048544
0.005787
0.000000
0.000000
0.125760
0.002592
0.003239
0.003885
0.001945
0.005164
0.003239
0.000027
0.010610
0.008036
0.004077
0.000035
0.003885
0.011219
0.003885
0.000009
0.001015
0.003239
0.039757
0.007107
0.000000
0.003885
0.001945
0.000990
0.039498
0.003885
0.003885
0.000000
0.001297
0.000000
0.002904
0.000649
0.008391
0.003239
0.000000
0.003885
0.000000
0.002408
0.025668
0.007749
0.013387
0.047754
0.005175
0.000088
0.050642
0.030623
0.000047
0.140376
0.052088
0.000018
0.000017
0.000014
0.010917
0.010300
0.000095
0.003239
0.003885
0.004530
0.005175
0.000000
0.012235
0.000059
0.045250
0.044738
0.115724
0.000035
0.114279
0.005175
0.028884
0.000000
0.016685
0.054453
0.001297
0.009033
0.000000
0.001297
0.029209
0.000000
0.206238
0.017952
0.010314
0.161945
0.000083
0.000649
0.007086
0.015415
0.010954
0.014780
0.014143
0.007335
0.010314
0.006361
0.001297
0.001297
0.000101
0.000103
0.000003
0.002530
0.000103
0.000104
0.000104
0.000104
0.000000
0.000094
0.000101
0.000099
0.000017
0.000000
0.000016
0.002237
0.000649
0.019660
0.037981
0.000000
0.000022
0.000000
0.000034
0.000049
0.000048
0.000043
0.000054
0.000051
0.000059
0.005355
0.005952
0.005596
0.000359
0.002264
0.000003
0.000005
0.000002
0.000649
0.001297
0.000004
0.000003
0.002592
0.019499
0.001297
0.005175
0.061331
0.004610
0.000000
0.019217
0.000079
0.005920
0.006903
0.000005
0.040142
0.000766
0.036927
0.011593
0.002592
0.000000
0.000001
0.003025
0.052632
0.001297
0.000686
0.007107
0.001297
0.000000
0.000116
0.006952
0.000649
0.000000
0.001945
0.000000
0.003239
0.000000
0.002592
0.018630
0.152634
0.019627
0.005206
0.051346
0.006463
0.051111
0.003239
0.019003
0.170172
0.003239
0.000534
0.005175
0.004530
0.003300
0.018593
0.007062
0.007076
0.007699
0.001945
0.002708
0.000030
0.001297
0.019217
0.028632
0.021741
0.022370
0.000000
0.004530
0.000000
0.000202
0.000000
0.001297
0.000649
0.000000
0.003885
0.003239
0.034556
0.000987
0.000773
0.035788
0.022804
0.008926
0.070541
0.061824
0.008462
0.010044
0.000000
0.009583
0.006210
0.083722
0.002592
0.001297
0.001945
0.000649
0.001945
0.001297
0.000649
0.039874
0.000000
0.000204
0.004430
0.000649
0.006283
0.000000
0.000649
0.003241
0.001297
0.000649
0.009033
0.020575
0.003239
0.003743
0.004530
0.001945
0.001297
0.002592
0.000000
0.000976
0.001620
0.000331
0.000649
0.000000
0.040672
0.004001
0.006371
0.045858
0.017319
0.016051
0.013507
0.003885
0.005820
0.014780
0.000030
0.000007
0.005196
0.012869
0.000006
0.008391
0.000639
0.011593
0.006881
0.016051
0.000649
0.005886
0.013507
0.000649
0.006463
0.001658
0.000171
0.003885
0.000003
0.003239
0.003239
0.004530
0.012833
0.003885
0.000099
0.000097
0.020758
0.000521
0.001165
0.000040
0.000043
0.000057
0.000037
0.000051
0.000054
0.000046
0.000048
0.000057
0.000060
0.027135
0.000000
0.055444
0.000000
0.008391
0.000230
0.007749
0.000241
0.000000
0.006463
0.045964
0.001297
0.036594
0.002592
0.004860
0.000000
0.001091
0.060465
0.004530
0.060847
0.010954
0.031120
0.010314
0.031741
0.002393
0.005820
0.017319
0.006229
0.011593
0.003239
0.001297
0.000000
0.052701
0.002592
0.000649
0.001945
0.055947
0.000000
0.000014
0.000013
0.000010
0.000000
0.000799
0.000649
0.000802
0.016051
0.002592
0.075534
0.000000
0.001945
0.001297
0.000649
0.000000
0.000001
0.000003
0.003760
0.005674
0.002592
0.004126
0.012351
0.004379
0.009033
0.000649
0.001945
0.001297
0.001147
0.001770
0.011764
0.012074
0.011153
0.020480
0.003000
0.003885
0.000649
0.021111
0.003585
0.001297
0.001298
0.000649
0.000000
0.000000
0.000000
0.002592
0.001945
0.001297
0.022999
0.000000
0.000649
0.023627
0.024881
0.001128
0.000196
0.002120
0.008391
0.003930
0.002043
0.001422
0.002670
0.027384
0.002864
0.002592
0.028008
0.005820
0.137797
0.001297
0.000000
0.000825
0.000088
0.001297
0.005820
0.011819
0.000003
0.000002
0.000000
0.006463
0.000004
0.007749
0.000649
0.001945
0.001297
0.003239
0.000353
0.048013
0.003885
0.003946
0.009674
0.000009
0.000000
0.040492
0.005820
0.006463
0.006351
0.085044
0.010314
0.077095
0.000000
0.179745
0.000116
0.005111
0.016685
0.005724
0.006336
0.012869
0.000649
0.015906
0.013251
0.004530
0.000003
0.012231
0.015300
0.003885
0.000000
0.001297
0.000084
0.000000
0.005380
0.005557
0.000649
0.294896
0.001297
0.017952
0.002592
0.000000
0.000649
0.000000
0.003885
0.008391
0.003381
0.000013
0.002592
0.000021
0.000011
0.005614
0.029767
0.000000
0.000000
0.000000
0.001945
0.001945
0.011121
0.000649
0.004334
0.001297
0.188723
0.003239
0.005175
0.005820
0.034836
0.006470
0.007107
0.031248
0.022999
0.022370
0.021111
0.005175
0.001297
0.001945
0.010706
0.061910
0.011082
0.023914
0.012972
0.000649
0.007107
0.000000
0.017319
0.179310
0.003673
0.001820
0.079951
0.028632
0.000003
0.000001
0.000649
0.000649
0.001945
0.000000
0.000000
0.000000
0.001297
0.001945
0.001297
0.000649
0.000010
0.007749
0.000011
0.005175
0.000000
0.003239
0.004530
0.000649
0.004530
0.003885
0.005175
0.001945
0.003239
0.002592
0.000000
0.000198
0.000000
0.021741
0.021111
0.002301
0.009682
0.009064
0.008448
0.007848
0.001297
0.000524
0.004530
0.006271
0.006847
0.000171
0.037308
0.006745
0.109621
0.109118
0.000649
0.108114
0.001298
0.003885
0.004600
0.001618
0.001297
0.002592
0.001945
0.020276
0.020906
0.000186
0.000268
0.000136
0.007107
0.003239
0.001945
0.003239
0.022010
0.006463
0.005820
0.005175
0.003885
0.006463
0.000004
0.000005
0.005175
0.000002
0.000003
0.000000
0.075663
0.003885
0.000000
0.025476
0.047677
0.009448
0.004882
0.002957
0.000012
0.004238
0.001579
0.002223
0.000294
0.000935
0.007749
0.002592
0.000008
0.004530
0.004974
0.000004
0.007004
0.029476
0.022296
0.013349
0.023285
0.002592
0.000000
0.013972
0.014595
0.022144
0.022667
0.004805
0.020480
0.000431
0.015394
0.041599
0.009493
0.004422
0.004837
0.015660
0.002874
0.003152
0.001297
0.002592
0.031160
0.012484
0.000136
0.005801
0.000088
0.014854
0.000097
0.000063
0.000069
0.000075
0.000081
0.000030
0.000039
0.000048
0.000055
0.000086
0.000090
0.002304
0.000357
0.014818
0.003239
0.000139
0.004652
0.000001
0.004530
0.000007
0.000013
0.000010
0.000016
0.000014
0.022321
0.062426
0.000523
0.009674
0.008739
0.006826
0.011593
0.002592
0.034218
0.003239
0.003239
0.001945
0.000649
0.012231
0.001297
0.000649
0.000000
0.000000
0.108616
0.025537
0.000649
0.004970
0.000649
0.001297
0.003240
0.002060
0.001945
0.000000
0.026759
0.002924
0.002592
0.001945
0.000000
0.006557
0.002592
0.112143
0.000000
0.057194
0.001297
0.000002
0.001297
0.000000
0.024482
0.023986
0.000555
0.001103
0.000649
0.002216
0.000030
0.000039
0.000000
0.000011
0.000021
0.022370
0.005820
0.004827
0.001297
0.004530
0.003885
0.003239
0.001297
0.000000
0.004530
0.032361
0.031741
0.033599
0.032980
0.004530
0.003239
0.000000
0.031755
0.047584
0.004530
0.034086
0.001945
0.000000
0.053559
0.007749
0.107614
0.007107
0.000078
0.003885
0.003885
0.003239
0.003239
0.004530
0.003885
0.006089
0.000000
0.005820
0.006463
0.005705
0.005288
0.005986
0.009702
0.000178
0.004750
0.136886
0.000073
0.055371
0.003579
0.039109
0.000010
0.000000
0.000000
0.000011
0.000000
0.000248
0.000000
0.000000
0.000003
0.000000
0.055951
0.112843
0.000000
0.012751
0.016156
0.012977
0.003239
0.013171
0.013523
0.013957
0.005175
0.009674
0.008391
0.000649
0.005551
0.000000
0.009884
0.000059
0.000000
0.002592
0.001297
0.001945
0.000649
0.000649
0.005820
0.002592
0.000030
0.000000
0.006520
0.005946
0.007744
0.007120
0.010068
0.000060
0.000000
0.007749
0.000649
0.023234
0.000054
0.036280
0.000000
0.000083
0.164028
0.019108
0.000000
0.000408
0.000093
0.000115
0.000063
0.090319
0.141502
0.137484
0.130526
0.033599
0.003239
0.032980
0.003885
0.002987
0.002796
0.027022
0.014528
0.044244
0.003303
0.024881
0.025508
0.003042
0.006463
0.004982
0.001071
0.005142
0.000007
0.001945
0.000014
0.000000
0.003239
0.000669
0.004182
0.032856
0.002592
0.001297
0.000014
0.000000
0.022914
0.022601
0.003358
0.003083
0.007749
0.000004
0.000004
0.000013
0.000010
0.005175
0.003885
0.004530
0.004530
0.004710
0.001945
0.002592
0.002592
0.001945
0.007411
0.003239
0.010314
0.004530
0.010954
0.005549
0.018379
0.000374
0.026286
0.000705
0.000064
0.001945
0.003239
0.036686
0.034218
0.034836
0.035453
0.036070
0.000000
0.000649
0.003921
0.000003
0.017952
0.001297
0.001945
0.000000
0.000128
0.001612
0.000242
0.007465
0.004782
0.030406
0.004603
0.038677
0.004530
0.000649
0.004530
0.005175
0.002592
0.001945
0.001297
0.004530
0.000649
0.001297
0.000059
0.003239
0.010331
0.001945
0.002592
0.002592
0.001297
0.000088
0.045858
0.052659
0.045250
0.016699
0.000457
0.004530
0.006463
0.002218
0.000000
0.003885
0.004530
0.009230
0.014772
0.000000
0.001298
0.055423
0.000000
0.022534
0.044940
0.003885
0.004530
0.005175
0.001297
0.001945
0.000063
0.000060
0.000187
0.001297
0.000000
0.004970
0.009674
0.000000
0.000649
0.001945
0.002592
0.001297
0.000000
0.010314
0.015450
0.041594
0.002592
0.000000
0.001297
0.000198
0.034016
0.034629
0.041884
0.003239
0.003885
0.032964
0.033403
0.000144
0.041950
0.000000
0.003885
0.000000
0.043425
0.000006
0.013550
0.027608
0.000000
0.000076
0.005405
0.001297
0.000000
0.005476
0.004537
0.000649
0.019650
0.000000
0.000649
0.007749
0.010578
0.000048
0.007107
0.048282
0.000079
0.035606
0.000003
0.011593
0.000001
0.001945
0.000030
0.043980
0.034836
0.015415
0.014780
0.034218
0.000000
0.017968
0.018585
0.142278
0.019849
0.006100
0.005930
0.006478
0.001945
0.000649
0.000230
0.000584
0.006651
0.007275
0.003486
0.009674
0.001487
0.001989
0.000000
0.000000
0.001665
0.000587
0.001123
0.005820
0.000000
0.005175
0.000100
0.000048
0.000048
0.005304
0.003885
0.000039
0.000030
0.024254
0.000027
0.004380
0.008026
0.020507
0.008666
0.003239
0.003554
0.005820
0.008391
0.009033
0.009674
0.006463
0.007107
0.001297
0.007749
0.000144
0.000089
0.000088
0.005175
0.037324
0.005175
0.026776
0.038035
0.026842
0.000000
0.003885
0.126257
0.005355
0.004530
0.008391
0.005954
0.030074
0.018402
0.004765
0.007904
0.000000
0.003239
0.001297
0.014952
0.003885
0.014365
0.002826
0.004922
0.001945
0.000421
0.016220
0.001020
0.076628
0.000010
0.000006
0.000131
0.000002
0.000003
0.000649
0.001297
0.001945
0.003239
0.030798
0.019956
0.000000
0.000649
0.000000
0.033599
0.021741
0.001297
0.029255
0.000649
0.001297
0.007107
0.029877
0.000000
0.000000
0.140486
0.005820
0.000007
0.000004
0.000000
0.006463
0.005820
0.000116
0.000013
0.000010
0.026371
0.014332
0.000649
0.002592
0.088703
0.021481
0.005820
0.008391
0.002592
0.007749
0.002909
0.002592
0.003553
0.003885
0.002672
0.003239
0.000558
0.021260
0.003051
0.012449
0.001828
0.002439
0.001219
0.000203
0.003376
0.004008
0.001515
0.021758
0.000649
0.002592
0.002592
0.000024
0.083334
0.000021
0.000020
0.000022
0.000106
0.002592
0.016956
0.017588
0.003239
0.012231
0.005820
0.020009
0.005634
0.036079
0.000030
0.019556
0.010954
0.001945
0.000224
0.000319
0.000171
0.005820
0.000000
0.007107
0.006463
0.005820
0.005175
0.004530
0.003885
0.139602
0.002592
0.005797
0.156974
0.009033
0.012231
0.002466
0.005376
0.002951
0.000000
0.002303
0.137584
0.001297
0.001945
0.003559
0.032042
0.031036
0.031539
0.030033
0.030534
0.006463
0.007107
0.000649
0.084769
0.021741
0.003848
0.003212
0.005118
0.004483
0.005077
0.005091
0.000352
0.009674
0.001297
0.058473
0.000144
0.001945
0.002592
0.003239
0.006054
0.004530
0.005175
0.005820
0.019849
0.009033
0.000000
0.000000
0.000480
0.004530
0.002592
0.003239
0.003885
0.004530
0.005175
0.004530
0.001945
0.002592
0.000649
0.001297
0.000008
0.000009
0.000010
0.000010
0.000012
0.001945
0.044929
0.044627
0.045558
0.045241
0.004791
0.044090
0.044349
0.002277
0.001005
0.000000
0.002915
0.005175
0.002592
0.007749
0.003885
0.005820
0.002546
0.005820
0.001921
0.005175
0.011198
0.021785
0.137287
0.000000
0.000649
0.026572
0.001297
0.001945
0.148778
0.008318
0.005820
0.143055
0.031741
0.039144
0.000000
0.000000
0.000088
0.007574
0.000116
0.002134
0.002755
0.001945
0.003239
0.138654
0.004530
0.114760
0.002843
0.053257
0.000001
0.110628
0.005820
0.111133
0.002000
0.001554
0.001177
0.000921
0.001588
0.002083
0.002622
0.003233
0.003871
0.020858
0.002592
0.004530
0.000011
0.000649
0.005175
0.004530
0.003885
0.003239
0.002592
0.001297
0.004530
0.007758
0.004530
0.012869
0.124316
0.051124
0.000030
0.051606
0.005175
0.007749
0.140730
0.015467
0.000014
0.000016
0.000016
0.000016
0.000016
0.000007
0.000004
0.006463
0.001297
0.007107
0.004197
0.000000
0.000649
0.000000
0.001297
0.000649
0.000000
0.001638
0.032980
0.030499
0.001945
0.037044
0.001297
0.000000
0.032281
0.053155
0.000000
0.035672
0.000003
0.002994
0.001297
0.000367
0.000448
0.025506
0.000002
0.005286
0.003025
0.007107
0.002592
0.000006
0.004701
0.088906
0.005820
0.000004
0.000005
0.061913
0.003885
0.004530
0.002592
0.003239
0.006655
0.006463
0.003885
0.003239
0.006463
0.000000
0.000214
0.000649
0.009674
0.000000
0.002705
0.000649
0.003239
0.003885
0.002980
0.000000
0.000016
0.000047
0.002045
0.000000
0.003885
0.005175
0.001305
0.000004
0.005293
0.000158
0.005445
0.009674
0.002592
0.073801
0.074000
0.074391
0.003885
0.000000
0.000331
0.002264
0.002592
0.013507
0.001945
0.000366
0.000649
0.014143
0.060557
0.106408
0.010314
0.000000
0.006399
0.007040
0.054026
0.053540
0.006463
0.012236
0.019217
0.012869
0.000016
0.000016
0.000016
0.000000
0.000649
0.001297
0.001945
0.000000
0.000000
0.003239
0.133662
0.133276
0.000002
0.005399
0.001329
0.007107
0.001924
0.045274
0.005175
0.005175
0.005820
0.001297
0.000000
0.000649
0.001297
0.004530
0.010314
0.009033
0.013252
0.002253
0.012943
0.026436
0.016519
0.017139
0.005175
0.007107
0.003885
0.005175
0.055571
0.000060
0.000042
0.030779
0.005820
0.003885
0.005175
0.018585
0.004530
0.003885
0.000083
0.042204
0.004530
0.006463
0.019217
0.002592
0.042815
0.002726
0.016685
0.017319
0.017952
0.002592
0.002592
0.000000
0.000000
0.000171
0.001728
0.001945
0.005820
0.000004
0.000000
0.022999
0.031120
0.004498
0.012231
0.000144
0.015586
0.009042
0.000000
0.006463
0.000009
0.019849
0.001945
0.026134
0.012869
0.000002
0.000004
0.014143
0.016685
0.000000
0.000116
0.000332
0.000005
0.000008
0.000006
0.015415
0.005096
0.037496
0.003239
0.008391
0.000014
0.000069
0.009033
0.000065
0.005321
0.083796
0.007163
0.000000
0.010314
0.000000
0.007109
0.000000
0.005175
0.007749
0.001297
0.001945
0.000649
0.000046
0.073770
0.000000
0.000016
0.000000
