0.001139
0.001139
0.015649
0.001139
0.001139
0.001139
0.001139
0.001220
0.026684
0.001017
0.001393
0.001415
0.014894
0.023143
0.017195
0.028027
0.001334
0.001294
0.014406
0.022239
0.022577
0.013899
0.013462
0.014705
0.022949
0.022588
0.014460
0.003793
0.015703
0.015617
0.002594
0.018666
0.019063
0.016853
0.017190
0.016215
0.016528
0.015914
0.025470
0.022980
0.018292
0.026116
0.017543
0.022397
0.017910
0.018500
0.027198
0.020474
0.022284
0.021924
0.018730
0.021249
0.023043
0.022657
0.023175
0.000908
0.017872
0.015509
0.023454
0.017494
0.018588
0.020353
0.019431
0.019000
0.018799
0.018395
0.018039
0.011271
0.018423
0.026091
0.002229
0.026903
0.027013
0.024842
0.024670
0.026563
0.022869
0.016535
0.026030
0.016222
0.018323
0.017944
0.017225
0.014259
0.014501
0.014940
0.023742
0.001027
0.001081
0.004793
0.021233
0.016358
0.024921
0.026499
0.026202
0.025709
0.016061
0.012869
0.018460
0.015084
0.014824
0.010274
0.013618
0.014970
0.015229
0.019794
0.009494
0.017489
0.016227
0.016538
0.017207
0.017659
0.020298
0.001651
0.019526
0.019828
0.004354
0.028700
0.010659
0.019301
0.013866
0.016129
0.016131
0.016755
0.016436
0.018672
0.019441
0.020176
0.017854
0.020660
0.018528
0.018137
0.017055
0.017401
0.017762
0.021813
0.018226
0.004628
0.021344
0.004649
0.018498
0.018106
0.026248
0.015489
0.027064
0.021826
0.027145
0.019107
0.021718
0.018234
0.018553
0.019390
0.001051
0.021307
0.017144
0.020304
0.024468
0.025157
0.023814
0.021783
0.020020
0.001234
0.023194
0.021248
0.012386
0.019174
0.018980
0.013163
0.000569
0.000854
0.015275
0.015552
0.016136
0.014499
0.015347
0.015625
0.012854
0.001442
0.002521
0.016229
0.020626
0.021779
0.021447
0.001236
0.023888
0.001283
0.021998
0.001325
0.021497
0.004256
0.021581
0.014135
0.013914
0.019539
0.013591
0.014364
0.003248
0.013637
0.020261
0.021328
0.026251
0.022166
0.024741
0.022084
0.017909
0.024855
0.025478
0.022586
0.019562
0.004548
0.018908
0.018296
0.020009
0.022612
0.020888
0.017962
0.022040
0.020952
0.020892
0.024361
0.021801
0.021746
0.020369
0.019896
0.020865
0.023006
0.023577
0.015378
0.011446
0.011295
0.015658
0.012263
0.012091
0.011923
0.011760
0.025378
0.023492
0.020524
0.026923
0.020439
0.011940
0.011877
0.012040
0.004685
0.012922
0.012109
0.012210
0.026128
0.012282
0.027447
0.025299
0.024667
0.001124
0.013252
0.015876
0.015639
0.020846
0.019057
0.014872
0.015135
0.020715
0.019862
0.014911
0.025350
0.015012
0.014372
0.014501
0.003907
0.013865
0.021625
0.022345
0.022565
0.023141
0.017341
0.020507
0.024054
0.012678
0.014014
0.018128
0.018805
0.015633
0.013838
0.014241
0.012087
0.012249
0.009918
0.019158
0.023467
0.024124
0.027822
0.023309
0.014970
0.016897
0.020391
0.019918
0.019467
0.024792
0.018285
0.017575
0.017940
0.017922
0.018321
0.022963
0.017981
0.017612
0.027028
0.003366
0.011268
0.011418
0.011121
0.012054
0.018365
0.017121
0.011576
0.011424
0.011131
0.015360
0.015639
0.015927
0.017834
0.017470
0.018392
0.018684
0.016862
0.017144
0.017743
0.018555
0.018060
0.018918
0.019095
0.013990
0.018454
0.018769
0.010034
0.022199
0.023376
0.018906
0.021326
0.013813
0.024344
0.024315
0.026266
0.024525
0.025101
0.019542
0.013178
0.012979
0.023188
0.003115
0.017784
0.017075
0.027842
0.017983
0.023329
0.018919
0.018512
0.002892
0.020194
0.002305
0.019395
0.014749
0.015418
0.022284
0.012585
0.012772
0.022378
0.012965
0.004568
0.019441
0.019119
0.016409
0.016905
0.018807
0.017233
0.018764
0.018366
0.017640
0.018272
0.018656
0.013141
0.002623
0.024313
0.024170
0.025968
0.024976
0.014067
0.016605
0.020478
0.002884
0.013554
0.012454
0.012102
0.012275
0.016113
0.016417
0.015623
0.016734
0.016567
0.015950
0.017403
0.023157
0.023406
0.023168
0.024749
0.024059
0.024073
0.016415
0.016653
0.018906
0.020949
0.018935
0.020006
0.020013
0.015833
0.018280
0.023846
0.021980
0.002701
0.021121
0.017601
0.020614
0.023213
0.022672
0.012440
0.012623
0.018193
0.025811
0.014291
0.019180
0.013835
0.013202
0.013407
0.012810
0.013003
0.021717
0.022636
0.020673
0.021634
0.021109
0.023162
0.024988
0.020608
0.022205
0.020131
0.022901
0.001186
0.013687
0.024573
0.015922
0.016720
0.014572
0.021752
0.023513
0.014209
0.001038
0.018649
0.015772
0.015492
0.015221
0.014959
0.001603
0.001560
0.016113
0.026397
0.025611
0.025129
0.022891
0.027232
0.023670
0.001051
0.015497
0.000854
0.015774
0.022599
0.014328
0.012494
0.014320
0.014065
0.014512
0.000838
0.000675
0.015563
0.015287
0.015020
0.014762
0.015330
0.022631
0.017017
0.020483
0.020985
0.020514
0.021001
0.020499
0.024376
0.012776
0.025543
0.025416
0.026289
0.021732
0.009708
0.009820
0.022822
0.018541
0.009709
0.018080
0.024690
0.021279
0.014116
0.010586
0.010851
0.010989
0.014599
0.013050
0.014359
0.009694
0.012762
0.015071
0.011334
0.014713
0.023059
0.009805
0.020742
0.017281
0.001442
0.013199
0.019652
0.015876
0.014223
0.016532
0.014800
0.016177
0.019433
0.016410
0.015612
0.012140
0.014549
0.017775
0.019261
0.002953
0.012785
0.018148
0.003555
0.011194
0.013120
0.016437
0.001922
0.014487
0.014246
0.014993
0.014736
0.015671
0.014013
0.013787
0.018122
0.019735
0.020592
0.021096
0.018875
0.019295
0.017748
0.014082
0.015570
0.015236
0.015770
0.014652
0.020080
0.015139
0.014891
0.014196
0.001349
0.009322
0.017159
0.021797
0.008997
0.021257
0.021497
0.024403
0.015915
0.002780
0.016028
0.015803
0.018212
0.017623
0.018326
0.017967
0.015504
0.015339
0.003966
0.023335
0.023654
0.023009
0.017091
0.023698
0.009379
0.024247
0.023094
0.015127
0.001104
0.020762
0.021274
0.015290
0.017215
0.015262
0.014997
0.015536
0.019347
0.020751
0.023551
0.022262
0.024213
0.024855
0.024182
0.025598
0.022320
0.022274
0.020400
0.019333
0.018068
0.017696
0.018515
0.018454
0.016044
0.016997
0.016667
0.001280
0.015981
0.015689
0.013591
0.010790
0.000759
0.015407
0.014618
0.021866
0.021727
0.022036
0.021593
0.021343
0.021522
0.015296
0.015032
0.002949
0.001331
0.021816
0.014136
0.013473
0.013908
0.011970
0.001649
0.018699
0.009190
0.026662
0.027338
0.026321
0.020984
0.014657
0.014504
0.021167
0.022031
0.004993
0.009092
0.017417
0.023275
0.027818
0.014092
0.013864
0.017361
0.013016
0.014038
0.018407
0.014744
0.017502
0.018025
0.016860
0.016924
0.028313
0.018366
0.019602
0.015105
0.016534
0.014848
0.024694
0.022791
0.015106
0.015339
0.014164
0.027208
0.017619
0.022529
0.024604
0.014652
0.026644
0.027744
0.025723
0.000737
0.015547
0.019779
0.018505
0.020848
0.020352
0.021366
0.015174
0.018664
0.016851
0.021803
0.019099
0.009288
0.010525
0.010788
0.021044
0.020208
0.023348
0.010655
0.001199
0.005065
0.013650
0.026363
0.015879
0.017683
0.015418
0.013993
0.016174
0.015898
0.012998
0.027200
0.020964
0.022379
0.020544
0.021282
0.014997
0.016336
0.001415
0.017326
0.018533
0.009599
0.009493
0.016105
0.014094
0.018148
0.003641
0.015961
0.015331
0.015133
0.020252
0.019788
0.022045
0.022182
0.022768
0.019344
0.020675
0.020739
0.022605
0.004860
0.018962
0.016740
0.016213
0.016526
0.015957
0.021337
0.000683
0.014944
0.014688
0.016927
0.015796
0.019318
0.022733
0.015515
0.018903
0.014983
0.014493
0.014262
0.014041
0.022862
0.013801
0.013979
0.019794
0.004235
0.012056
0.020890
0.021447
0.021831
0.020604
0.021968
0.002762
0.016106
0.020724
0.015650
0.020239
0.016344
0.015875
0.022688
0.022578
0.022398
0.001002
0.023232
0.021056
0.015356
0.019097
0.016253
0.015924
0.016830
0.015635
0.016414
0.001834
0.017083
0.017424
0.018529
0.003576
0.013992
0.017098
0.019614
0.020069
0.014494
0.000712
0.018367
0.001198
0.020059
0.019989
0.020131
0.014499
0.014561
0.022018
0.012237
0.024169
0.023922
0.015457
0.023276
0.015886
0.022969
0.016808
0.025416
0.024755
0.021755
0.022024
0.025087
0.024379
0.021067
0.022581
0.004815
0.000975
0.023886
0.015593
0.021125
0.000714
0.015316
0.015821
0.014614
0.016117
0.014371
0.016917
0.015125
0.015535
0.014865
0.015393
0.014376
0.009389
0.002686
0.014090
0.014323
0.013864
0.028133
0.015921
0.019362
0.015629
0.018936
0.021254
0.018717
0.018849
0.018109
0.019130
0.017915
0.016220
0.014742
0.014837
0.016143
0.009933
0.019214
0.010047
0.015107
0.010164
0.017421
0.017706
0.017877
0.019793
0.000826
0.023607
0.013715
0.013936
0.023343
0.015819
0.004209
0.013234
0.013261
0.019560
0.010398
0.022892
0.023858
0.013165
0.020694
0.011565
0.000803
0.012755
0.017285
0.018395
0.018177
0.017803
0.023038
0.017543
0.017903
0.016659
0.016857
0.017193
0.016755
0.016126
0.017764
0.017431
0.024834
0.020928
0.020303
0.013405
0.017699
0.016943
0.000712
0.012237
0.001691
0.001651
0.021625
0.001691
0.022182
0.015534
0.011550
0.013657
0.015061
0.018876
0.016350
0.000712
0.015013
0.016741
0.016185
0.024350
0.023577
0.003881
0.022991
0.023610
0.022412
0.014225
0.014465
0.013374
0.022375
0.018408
0.018812
0.024038
0.012566
0.012638
0.017574
0.017929
0.019487
0.019932
0.017574
0.021405
0.021406
0.012461
0.000759
0.002860
0.004367
0.019776
0.000781
0.000826
0.016590
0.000874
0.024719
0.016615
0.024929
0.024335
0.024553
0.004456
0.002698
0.017778
0.018118
0.019332
0.026422
0.025217
0.001393
0.028969
0.025679
0.025644
0.021607
0.021641
0.021913
0.028453
0.024511
0.025692
0.025353
0.003077
0.021809
0.018766
0.019175
0.001739
0.001612
0.001495
0.001388
0.001288
0.001000
0.021321
0.012597
0.012414
0.024402
0.019675
0.023507
0.025628
0.024250
0.001051
0.023667
0.001139
0.022146
0.027167
0.023805
0.023769
0.028177
0.023711
0.004509
0.021453
0.027870
0.016443
0.021775
0.027953
0.017194
0.016450
0.016535
0.016858
0.019873
0.000806
0.016255
0.015959
0.016258
0.012391
0.013645
0.015994
0.014564
0.013227
0.013433
0.027421
0.000801
0.020939
0.027114
0.027092
0.020603
0.020885
0.016427
0.004558
0.016148
0.022575
0.010788
0.017331
0.011732
0.011893
0.020007
0.017549
0.013369
0.016860
0.018717
0.013578
0.017198
0.019129
0.002531
0.001002
0.017538
0.017543
0.014752
0.014848
0.017347
0.012853
0.023847
0.013673
0.013895
0.014123
0.018470
0.014600
0.009600
0.000874
0.026318
0.022113
0.023744
0.000924
0.019272
0.027109
0.013383
0.023397
0.011420
0.009391
0.011057
0.012968
0.016990
0.019744
0.009390
0.011414
0.010924
0.017398
0.018009
0.009091
0.018008
0.002507
0.016100
0.017637
0.017540
0.020789
0.000506
0.021305
0.018510
0.015872
0.018555
0.017073
0.023046
0.015743
0.019126
0.003825
0.017148
0.018631
0.015543
0.019774
0.017950
0.001331
0.001278
0.001104
0.020994
0.020515
0.004654
0.015769
0.016063
0.016369
0.016686
0.015876
0.018795
0.002443
0.023085
0.022516
0.020849
0.000924
0.019775
0.020885
0.025000
0.019225
0.020785
0.024768
0.009278
0.010655
0.012226
0.017422
0.028034
0.025575
0.028908
0.025964
0.014643
0.028880
0.001429
0.013811
0.021179
0.016920
0.022600
0.016598
0.016289
0.021384
0.022026
0.024119
0.022365
0.022879
0.001552
0.001575
0.001162
0.021981
0.001575
0.001588
0.001588
0.001593
0.027068
0.001442
0.001552
0.001522
0.001278
0.009081
0.001199
0.022730
0.009178
0.023769
0.022346
0.025002
0.001394
0.001277
0.001560
0.001519
0.001804
0.001698
0.001924
0.001862
0.003504
0.021307
0.021806
0.021506
0.011268
0.020111
0.001012
0.001214
0.000838
0.015683
0.015976
0.001157
0.001012
0.014128
0.012573
0.009586
0.013027
0.013327
0.023407
0.000714
0.022963
0.001362
0.020393
0.021158
0.000895
0.026820
0.023718
0.024244
0.021282
0.018136
0.015656
0.000854
0.015640
0.021404
0.016485
0.019554
0.015914
0.013642
0.013220
0.003092
0.016520
0.012963
0.009376
0.016334
0.015527
0.017074
0.011511
0.016720
0.017757
0.027817
0.025000
0.025587
0.025031
0.016424
0.024375
0.017053
0.024316
0.027677
0.015839
0.017940
0.016765
0.016445
0.016659
0.015934
0.015372
0.015373
0.015648
0.013459
0.023311
0.003228
0.020540
0.018124
0.017779
0.019751
0.020203
0.010786
0.017340
0.019034
0.003680
0.012233
0.015542
0.015264
0.014997
0.015271
0.015004
0.019874
0.018848
0.018534
0.019474
0.020245
0.022926
0.026425
0.027656
0.022494
0.025608
0.002801
0.025063
0.026818
0.015848
0.012979
0.012597
0.012785
0.012414
0.014599
0.014354
0.014117
0.026447
0.018406
0.003713
0.013699
0.018811
0.014355
0.002372
0.022364
0.022964
0.024348
0.023675
0.018567
0.023595
0.016435
0.023970
0.013169
0.017043
0.014330
0.012590
0.002989
0.019214
0.019652
0.018795
0.016589
0.016273
0.019355
0.020997
0.021946
0.023684
0.025220
0.024791
0.022262
0.009697
0.020970
0.023459
0.002896
0.000908
0.024044
0.015701
0.001230
0.022553
0.024035
0.023204
0.021016
0.017254
0.014622
0.020364
0.015990
0.012410
0.010457
0.011574
0.003892
0.013378
0.001162
0.021528
0.024870
0.022663
0.024114
0.022081
0.001522
0.001485
0.023345
0.019441
0.019889
0.001649
0.001698
0.001990
0.001603
0.001862
0.001924
0.001749
0.001804
0.001990
0.002062
0.024468
0.012664
0.027334
0.021799
0.020465
0.004031
0.019992
0.020433
0.013888
0.017266
0.024733
0.017660
0.020152
0.018419
0.018823
0.019001
0.020777
0.013055
0.012833
0.013174
0.023559
0.025886
0.022936
0.026658
0.021863
0.020274
0.021291
0.020622
0.024216
0.018967
0.015350
0.014818
0.021859
0.018444
0.015079
0.018056
0.022335
0.015517
0.001220
0.001124
0.001017
0.000712
0.015495
0.013428
0.013610
0.014507
0.012165
0.014551
0.013379
0.011995
0.011829
0.011668
0.000651
0.000854
0.001139
0.023107
0.026120
0.021001
0.024381
0.023487
0.023717
0.017906
0.017893
0.018673
0.018275
0.018303
0.018687
0.019586
0.019803
0.019377
0.016851
0.022295
0.013222
0.013049
0.017180
0.022787
0.013251
0.015368
0.017846
0.017481
0.011148
0.024347
0.019035
0.018622
0.022217
0.020676
0.021120
0.021655
0.021172
0.022236
0.018939
0.013411
0.019335
0.014497
0.016593
0.014038
0.013820
0.014263
0.018020
0.022130
0.020891
0.018393
0.021203
0.026720
0.014561
0.013612
0.013618
0.002119
0.018951
0.014038
0.021850
0.001012
0.000838
0.000675
0.013345
0.000806
0.024149
0.011708
0.012037
0.011870
0.013021
0.003144
0.021846
0.013064
0.025061
0.018974
0.022962
0.022954
0.024084
0.013585
0.013802
0.020694
0.016216
0.011275
0.014856
0.002381
0.027223
0.004201
0.015662
0.024514
0.015937
0.016223
0.021707
0.018951
0.021411
0.022903
0.024260
0.001151
0.021178
0.020922
0.023595
0.018540
0.017735
0.004518
0.015874
0.019993
0.020121
0.014022
0.029117
0.014256
0.018338
0.014746
0.011891
0.009425
0.022783
0.014023
0.016522
0.022823
0.001124
0.014826
0.000866
0.000820
0.016023
0.025177
0.024153
0.000777
0.012214
0.014574
0.015176
0.015906
0.019533
0.015449
0.019989
0.026114
0.013165
0.013799
0.014023
0.021804
0.017541
0.017905
0.018284
0.017914
0.017557
0.016885
0.015954
0.016852
0.017190
0.013443
0.013515
0.013565
0.013325
0.012965
0.013574
0.016742
0.020922
0.026279
0.026654
0.021424
0.021380
0.027476
0.018781
0.001151
0.001046
0.016545
0.017375
0.025342
0.016231
0.000651
0.013253
0.019380
0.020613
0.015749
0.015465
0.001017
0.016212
0.001114
0.014496
0.016463
0.013798
0.014256
0.016786
0.014819
0.014568
0.015079
0.013862
0.014325
0.014090
0.015450
0.003393
0.000651
0.023364
0.022760
0.011731
0.020057
0.019619
0.019201
0.018802
0.019234
0.004837
0.014319
0.022445
0.022605
0.003158
0.023936
0.022880
0.022852
0.022388
0.018021
0.021517
0.015948
0.015354
0.017581
0.021195
0.013217
0.016564
0.016250
0.015249
0.015518
0.013407
0.004613
0.004386
0.013501
0.021412
0.020394
0.022130
0.013345
0.017616
0.017264
0.016924
0.016284
0.020794
0.001157
0.001214
0.019836
0.000838
0.001012
0.020251
0.014701
0.017261
0.000506
0.014559
0.025676
0.018678
0.018282
0.017188
0.016851
0.017902
0.017890
0.018269
0.017177
0.017526
0.013770
0.009483
0.000900
0.019996
0.022148
0.000803
0.022481
0.024841
0.013438
0.019495
0.022432
0.019882
0.019444
0.019931
0.020388
0.021365
0.021885
0.024878
0.024228
0.004058
0.025653
0.022913
0.023324
0.024701
0.022434
0.025457
0.025309
0.025529
0.016093
0.018691
0.018141
0.023756
0.017920
0.015244
0.003070
0.025028
0.001485
0.001123
0.001179
0.001234
0.001289
0.000913
0.000963
0.001015
0.001068
0.001343
0.001394
0.013832
0.019323
0.020466
0.022964
0.004423
0.022730
0.001139
0.016598
0.000908
0.001124
0.001017
0.001334
0.001220
0.027181
0.028522
0.026735
0.026355
0.026998
0.022587
0.014530
0.014335
0.021288
0.014579
0.013858
0.012773
0.012403
0.014777
0.012585
0.016527
0.016213
0.002888
0.021944
0.024247
0.025424
0.015731
0.011776
0.013871
0.021071
0.014420
0.014100
0.015489
0.017662
0.020816
0.013580
0.013368
0.000712
0.024109
0.021121
0.025500
0.017029
0.024458
0.016871
0.001051
0.013163
0.012770
0.014190
0.014012
0.014952
0.015176
0.014656
0.021691
0.001142
0.001221
0.000937
0.001000
0.001068
0.023999
0.022279
0.021209
0.019221
0.021183
0.013383
0.013178
0.016028
0.017526
0.013595
0.018908
0.018516
0.019740
0.019315
0.010090
0.016890
0.012821
0.022808
0.023342
0.016250
0.023496
0.013424
0.015656
0.019912
0.014258
0.021108
0.014026
0.017573
0.018312
0.020136
0.015692
0.017929
0.020619
0.012644
0.012752
0.015630
0.015850
0.013293
0.022818
0.019919
0.023085
0.023842
0.003977
0.022910
0.027518
0.001283
0.027209
0.022369
0.017809
0.000781
0.000651
0.001511
0.001678
0.015401
0.004287
0.026965
0.026965
0.001031
0.000854
0.027584
0.028492
0.013796
0.019078
0.014968
0.022836
0.009589
0.023021
0.023358
0.023789
0.020472
0.018284
0.017087
0.015734
0.021805
0.002180
0.023714
0.002016
0.013436
0.023188
0.016112
0.016421
0.017764
0.015814
0.018547
0.012827
0.002674
0.000937
0.019066
0.018698
0.019903
0.019467
0.020359
0.001134
0.015097
0.022258
0.020725
0.013751
0.001081
0.028027
0.017649
0.001429
0.028933
0.026756
0.020235
0.004957
0.002107
0.002220
0.002138
0.025083
0.025499
0.026321
0.024910
0.019910
0.012340
0.019478
0.012520
0.022479
0.022293
0.024245
0.024236
0.024915
0.022733
0.016666
0.016986
0.020916
0.014255
0.021006
0.020653
0.021134
0.000908
0.014037
0.001220
0.014494
0.019675
0.015819
0.021852
0.025065
0.019234
0.013677
0.001220
0.000675
0.013643
0.013539
0.018611
0.018438
0.010717
0.000806
0.001157
0.001124
0.001017
0.009709
0.009495
0.009601
0.017781
0.021114
0.019662
0.019724
0.016651
0.019280
0.020606
0.015086
0.018535
0.018936
0.018940
0.017438
0.019362
0.018223
0.018946
0.015835
0.015551
0.018032
0.018528
0.022174
0.020184
0.020648
0.021133
0.021641
0.015911
0.017334
0.024166
0.001033
0.021821
0.017693
0.018066
0.024683
0.014502
0.021074
0.020434
0.022907
0.021984
0.025911
0.021830
0.021493
0.009808
0.023926
0.013589
0.013807
0.015411
0.015139
0.014876
0.013595
0.019667
0.012593
0.002924
0.013173
0.022214
0.012780
0.012974
0.017563
0.013810
0.003522
0.012587
0.022932
0.012416
0.013793
0.020296
0.013266
0.021738
0.021575
0.016665
0.021960
0.015091
0.024710
0.024516
0.023188
0.023834
0.027307
0.022312
0.024119
0.026749
0.012566
0.012752
0.012944
0.022439
0.023043
0.002138
0.002062
0.004588
0.020129
0.001356
0.022148
0.018147
0.000683
0.014318
0.015210
0.020123
0.023212
0.016982
0.019399
0.019842
0.011477
0.015484
0.014440
0.015007
0.004345
0.016367
0.016668
0.016980
0.015236
0.015511
0.015796
0.016076
0.003329
0.017294
0.000675
0.009973
0.019599
0.011929
0.001051
0.013142
0.023906
0.002556
0.001325
0.019987
0.017400
0.023239
0.019239
0.014732
0.021796
0.014992
0.021266
0.017053
0.017985
0.020832
0.001027
0.021699
0.026416
0.001362
0.027473
0.000896
0.015154
0.000854
0.014497
0.003111
0.024717
0.020834
0.016146
0.015853
0.020362
0.025347
0.016765
0.017091
0.025962
0.018505
0.022287
0.021785
0.022264
0.016401
0.017425
0.022024
0.022575
0.023335
0.023965
0.021272
0.021480
0.019174
0.019512
0.019001
0.020225
0.022289
0.021364
0.021815
0.009820
0.013362
0.013368
0.001394
0.001305
0.001305
0.016716
0.017857
0.001221
0.001142
0.021691
0.024210
0.022025
0.021106
0.022187
0.021633
0.020188
0.020128
0.016222
0.014811
0.015069
0.015336
0.016533
0.016856
0.012314
0.017191
0.003310
0.001990
0.001874
0.013813
0.023945
0.010210
0.021511
0.023843
0.023540
0.000664
0.015949
0.024367
0.022909
0.012705
0.010526
0.023493
0.025535
0.014813
0.022368
0.024630
0.024906
0.009859
0.009530
0.023407
0.014085
0.022797
0.022210
0.020958
0.017210
0.020269
0.024729
0.020722
0.025447
0.001442
0.001280
0.019836
0.000845
0.001033
0.015280
0.015557
0.015845
0.016453
0.016774
0.016537
0.000664
0.016996
0.016960
0.020795
0.020048
0.016100
0.019185
0.009189
0.019920
0.010275
0.019607
0.023939
0.010786
0.024628
0.013091
0.000908
0.000806
0.000712
0.014264
0.014032
0.003361
0.001124
0.001017
0.023033
0.023596
0.019467
0.021574
0.020316
0.022715
0.017016
0.018472
0.017388
0.018086
0.020592
0.012208
0.021096
0.015984
0.016351
0.012385
0.020267
0.017486
0.016536
0.016844
0.015955
0.016240
0.015680
0.014812
0.021600
0.022146
0.020142
0.013267
0.009480
0.022366
0.023679
0.001575
0.015674
0.001068
0.001356
0.001473
0.014773
0.009819
0.012223
0.012396
0.023832
0.023840
0.022966
0.024979
0.020181
0.019782
0.002729
0.024522
0.020773
0.017761
0.004265
0.004649
0.002480
0.016224
0.022363
0.021434
0.020915
0.020420
0.019947
0.019495
0.019063
0.024232
0.018253
0.023543
0.028706
0.025577
0.015423
0.018295
0.018343
0.018170
0.017792
0.018169
0.026397
0.014037
0.014271
0.023205
0.018150
0.017573
0.017857
0.017032
0.017298
0.016147
0.016454
0.018919
0.027766
0.017521
0.017055
0.016728
0.017748
0.017394
0.021080
0.021418
0.023282
0.022345
0.017787
0.024914
0.003579
0.016279
0.016594
0.016921
0.022741
0.017615
0.017983
0.018693
0.019564
0.020961
0.001277
0.015097
0.018287
0.022535
0.013460
0.013674
0.013895
0.014123
0.016601
0.016287
0.015829
0.016126
0.015264
0.015542
0.001214
0.001366
0.001477
0.001518
0.001477
0.009637
0.025834
0.025475
0.026612
0.026215
0.021128
0.024863
0.025154
0.019237
0.018422
0.018420
0.019672
0.016563
0.018160
0.014562
0.017229
0.016887
0.019063
0.015049
0.018663
0.019808
0.021329
0.023271
0.023443
0.019125
0.019563
0.023281
0.020020
0.020499
0.026943
0.023745
0.010036
0.026442
0.020989
0.022016
0.026280
0.025804
0.002870
0.016830
0.003839
0.020605
0.021091
0.011601
0.021654
0.027870
0.013428
0.020121
0.018295
0.023513
0.000854
0.023840
0.021656
0.024369
0.015203
0.015020
0.014867
0.014764
0.015034
0.015238
0.015455
0.015735
0.016025
0.016326
0.015920
0.018710
0.001000
0.017303
0.012408
0.012231
0.012060
0.011893
0.011730
0.018234
0.019714
0.018737
0.018236
0.017062
0.022454
0.017407
0.003010
0.017675
0.012895
0.010399
0.025055
0.014270
0.001220
0.001294
0.001334
0.001334
0.001294
0.000908
0.000806
0.017359
0.016711
0.017715
0.021625
0.016083
0.016391
0.018033
0.018856
0.018450
0.018060
0.018821
0.020323
0.020047
0.012403
0.023701
0.012226
0.011886
0.023340
0.023320
0.019001
0.023385
0.001188
0.020226
0.024614
0.003339
0.017891
0.018195
0.000831
0.019912
0.021817
0.014504
0.009289
0.001230
0.013791
0.028440
0.010332
0.000992
0.001139
0.025061
0.015383
0.015664
0.014851
0.015113
0.022795
0.015071
0.020847
0.024350
0.018954
0.000959
0.003828
0.012059
0.019823
0.021702
0.018437
0.016298
0.012778
0.012970
0.018611
0.017403
0.001294
0.011126
0.016055
0.015190
0.021264
0.022370
0.016111
0.000806
0.023049
0.003732
0.023196
0.014400
0.012966
0.013708
0.013841
0.013977
0.015260
0.014561
0.018795
0.020111
0.018557
0.022967
0.018164
0.023174
0.016722
0.023589
0.019088
0.019476
0.018678
0.016401
0.018505
0.018910
0.019150
0.018834
0.019107
0.020485
0.019138
0.020979
0.001334
0.001334
0.001294
0.016819
0.017156
0.017507
0.017257
0.016443
0.027406
0.016435
0.020333
0.020049
0.000845
0.025559
0.020984
0.025326
0.021466
0.026308
0.014790
0.014561
0.014812
0.021239
0.014347
0.014592
0.014845
0.014541
0.014060
0.013618
0.022923
0.011719
0.022805
0.023029
0.021930
0.022480
0.024964
0.022300
0.014830
0.009921
0.022826
0.001134
0.000975
0.026391
0.013860
0.014299
0.013641
0.014476
0.013581
0.013370
0.001434
0.011624
0.010153
0.014087
0.014719
0.009747
0.011774
0.022756
0.010284
0.010406
0.010531
0.015609
0.018072
0.017095
0.011616
0.003598
0.022268
0.011572
0.012589
0.001157
0.000569
0.018246
0.019027
0.015396
0.024910
0.002349
0.024049
0.019380
0.000737
0.010154
0.018393
0.023579
0.015829
0.017317
0.022377
0.000831
0.000992
0.022845
0.025514
0.026331
0.003308
0.003661
0.001139
0.000900
0.001242
0.024107
0.013927
0.023488
0.017640
0.022846
0.001114
0.001236
0.023466
0.001186
0.023488
0.026859
0.024760
0.020033
0.020287
0.017077
0.017444
0.021795
0.018156
0.021811
0.012231
0.012408
0.022267
0.001749
0.012943
0.008903
0.001294
0.014409
